Coronavirus data:

Nor: 99, 99, 99, 99, 99, 99, 98, 96, 96, 94, 93, 93, 91, 90, 85, 83, 82, 78, 76, 74, 70, 67, 62, 53, 48, 44, 38, 31, 30, 22, 19, 19, 18, 15, 12, 11, 10, 9, 9, 9, 9, 8, 8, 7, 6, 6, 6, 6, 6, 6, 5, 5, 5, 5, 5, 5, 5, 5, 5, 5, 5, 5, 5, 5, 5, 5, 5, 5, 5, 5, 5, 5, 5, 5, 5, 5, 5, 5, 5, 5, 5, 5, 
Inc: 1, 1, 1, 1, 1, 1, 2, 4, 4, 6, 7, 7, 9, 10, 14, 16, 17, 21, 22, 23, 27, 30, 34, 41, 45, 47, 51, 56, 53, 57, 59, 59, 58, 58, 53, 48, 43, 40, 36, 32, 26, 21, 17, 15, 11, 11, 9, 8, 6, 4, 4, 4, 4, 4, 3, 3, 1, 1, 1, 1, 1, 1, 1, 0, 0, 0, 0, 0, 0, 0, 0, 0, 0, 0, 0, 0, 0, 0, 0, 0, 0, 0, 
Inf: 0, 0, 0, 0, 0, 0, 0, 0, 0, 0, 0, 0, 0, 0, 1, 1, 1, 1, 2, 3, 3, 3, 4, 6, 7, 9, 11, 13, 17, 20, 21, 21, 23, 26, 34, 39, 45, 49, 52, 54, 60, 65, 66, 67, 69, 66, 66, 64, 63, 62, 61, 54, 48, 45, 41, 36, 35, 29, 23, 19, 18, 15, 13, 11, 9, 8, 6, 4, 4, 4, 4, 4, 4, 3, 2, 2, 1, 1, 1, 1, 1, 0, 
Rec: 0, 0, 0, 0, 0, 0, 0, 0, 0, 0, 0, 0, 0, 0, 0, 0, 0, 0, 0, 0, 0, 0, 0, 0, 0, 0, 0, 0, 0, 1, 1, 1, 1, 1, 1, 2, 2, 2, 3, 5, 5, 6, 9, 11, 14, 17, 19, 22, 25, 28, 30, 37, 43, 46, 51, 56, 59, 65, 71, 75, 76, 79, 81, 84, 86, 87, 89, 91, 91, 91, 91, 91, 91, 92, 93, 93, 94, 94, 94, 94, 94, 95, 
Die: 0, 0, 0, 0, 0, 0, 0, 0, 0, 0, 0, 0, 0, 0, 0, 0, 0, 0, 0, 0, 0, 0, 0, 0, 0, 0, 0, 0, 0, 0, 0, 0, 0, 0, 0, 0, 0, 0, 0, 0, 0, 0, 0, 0, 0, 0, 0, 0, 0, 0, 0, 0, 0, 0, 0, 0, 0, 0, 0, 0, 0, 0, 0, 0, 0, 0, 0, 0, 0, 0, 0, 0, 0, 0, 0, 0, 0, 0, 0, 0, 0, 0, 
Generations: 81
-----------------------------

